  -10.0000000       2.72897205E-06
  -9.98999977       2.73412775E-06
  -9.97999954       2.73929913E-06
  -9.97000027       2.74448462E-06
  -9.96000004       2.74968602E-06
  -9.94999981       2.75490197E-06
  -9.93999958       2.76013293E-06
  -9.93000031       2.76537844E-06
  -9.92000008       2.77063987E-06
  -9.90999985       2.77591630E-06
  -9.89999962       2.78120842E-06
  -9.89000034       2.78651555E-06
  -9.88000011       2.79183746E-06
  -9.86999989       2.79717551E-06
  -9.85999966       2.80252902E-06
  -9.85000038       2.80789777E-06
  -9.84000015       2.81328266E-06
  -9.82999992       2.81868301E-06
  -9.81999969       2.82409951E-06
  -9.81000042       2.82953101E-06
  -9.80000019       2.83497866E-06
  -9.78999996       2.84044222E-06
  -9.77999973       2.84592284E-06
  -9.77000046       2.85141800E-06
  -9.76000023       2.85693068E-06
  -9.75000000       2.86245904E-06
  -9.73999977       2.86800332E-06
  -9.72999954       2.87356397E-06
  -9.72000027       2.87914122E-06
  -9.71000004       2.88473484E-06
  -9.69999981       2.89034506E-06
  -9.68999958       2.89597233E-06
  -9.68000031       2.90161574E-06
  -9.67000008       2.90727621E-06
  -9.65999985       2.91295282E-06
  -9.64999962       2.91864717E-06
  -9.64000034       2.92435766E-06
  -9.63000011       2.93008566E-06
  -9.61999989       2.93583048E-06
  -9.60999966       2.94159281E-06
  -9.60000038       2.94737151E-06
  -9.59000015       2.95316818E-06
  -9.57999992       2.95898258E-06
  -9.56999969       2.96481426E-06
  -9.56000042       2.97066276E-06
  -9.55000019       2.97652878E-06
  -9.53999996       2.98241321E-06
  -9.52999973       2.98831492E-06
  -9.52000046       2.99423391E-06
  -9.51000023       3.00017177E-06
  -9.50000000       3.00612714E-06
  -9.48999977       3.01210071E-06
  -9.47999954       3.01809177E-06
  -9.47000027       3.02410103E-06
  -9.46000004       3.03012894E-06
  -9.44999981       3.03617503E-06
  -9.43999958       3.04223977E-06
  -9.43000031       3.04832201E-06
  -9.42000008       3.05442359E-06
  -9.40999985       3.06054358E-06
  -9.39999962       3.06668198E-06
  -9.39000034       3.07283949E-06
  -9.38000011       3.07901541E-06
  -9.36999989       3.08521112E-06
  -9.35999966       3.09142524E-06
  -9.35000038       3.09765778E-06
  -9.34000015       3.10390988E-06
  -9.32999992       3.11018130E-06
  -9.31999969       3.11647318E-06
  -9.31000042       3.12278257E-06
  -9.30000019       3.12911243E-06
  -9.28999996       3.13546161E-06
  -9.27999973       3.14183035E-06
  -9.27000046       3.14821818E-06
  -9.26000023       3.15462671E-06
  -9.25000000       3.16105502E-06
  -9.23999977       3.16750356E-06
  -9.22999954       3.17397166E-06
  -9.22000027       3.18045954E-06
  -9.21000004       3.18696857E-06
  -9.19999981       3.19349761E-06
  -9.18999958       3.20004642E-06
  -9.18000031       3.20661593E-06
  -9.17000008       3.21320613E-06
  -9.15999985       3.21981724E-06
  -9.14999962       3.22644860E-06
  -9.14000034       3.23310064E-06
  -9.13000011       3.23977406E-06
  -9.11999989       3.24646885E-06
  -9.10999966       3.25318388E-06
  -9.10000038       3.25992028E-06
  -9.09000015       3.26667805E-06
  -9.07999992       3.27345742E-06
  -9.06999969       3.28025794E-06
  -9.06000042       3.28707983E-06
  -9.05000019       3.29392333E-06
  -9.03999996       3.30078933E-06
  -9.02999973       3.30767693E-06
  -9.02000046       3.31458500E-06
  -9.01000023       3.32151672E-06
  -9.00000000       3.32847026E-06
  -8.98999977       3.33544585E-06
  -8.97999954       3.34244396E-06
  -8.97000027       3.34946344E-06
  -8.96000004       3.35650611E-06
  -8.94999981       3.36357152E-06
  -8.94000053       3.37065921E-06
  -8.93000031       3.37777010E-06
  -8.92000008       3.38490372E-06
  -8.90999985       3.39206031E-06
  -8.89999962       3.39924009E-06
  -8.89000034       3.40644237E-06
  -8.88000011       3.41366876E-06
  -8.86999989       3.42091812E-06
  -8.85999966       3.42819112E-06
  -8.85000038       3.43548732E-06
  -8.84000015       3.44280784E-06
  -8.82999992       3.45015155E-06
  -8.81999969       3.45752005E-06
  -8.81000042       3.46491152E-06
  -8.80000019       3.47232708E-06
  -8.78999996       3.47976811E-06
  -8.77999973       3.48723233E-06
  -8.77000046       3.49472089E-06
  -8.76000023       3.50223422E-06
  -8.75000000       3.50977348E-06
  -8.73999977       3.51733593E-06
  -8.72999954       3.52492407E-06
  -8.72000027       3.53253586E-06
  -8.71000004       3.54017448E-06
  -8.69999981       3.54783742E-06
  -8.69000053       3.55552606E-06
  -8.68000031       3.56323926E-06
  -8.67000008       3.57097952E-06
  -8.65999985       3.57874455E-06
  -8.64999962       3.58653506E-06
  -8.64000034       3.59435126E-06
  -8.63000011       3.60219451E-06
  -8.61999989       3.61006369E-06
  -8.60999966       3.61795878E-06
  -8.60000038       3.62587912E-06
  -8.59000015       3.63382787E-06
  -8.57999992       3.64180210E-06
  -8.56999969       3.64980383E-06
  -8.56000042       3.65783171E-06
  -8.55000019       3.66588665E-06
  -8.53999996       3.67396910E-06
  -8.52999973       3.68207839E-06
  -8.52000046       3.69021473E-06
  -8.51000023       3.69837835E-06
  -8.50000000       3.70657062E-06
  -8.48999977       3.71479041E-06
  -8.47999954       3.72303793E-06
  -8.47000027       3.73131275E-06
  -8.46000004       3.73961620E-06
  -8.44999981       3.74794809E-06
  -8.44000053       3.75630771E-06
  -8.43000031       3.76469643E-06
  -8.42000008       3.77311358E-06
  -8.40999985       3.78155937E-06
  -8.39999962       3.79003473E-06
  -8.39000034       3.79853736E-06
  -8.38000011       3.80707093E-06
  -8.36999989       3.81563359E-06
  -8.35999966       3.82422468E-06
  -8.35000038       3.83284578E-06
  -8.34000015       3.84149644E-06
  -8.32999992       3.85017756E-06
  -8.31999969       3.85888825E-06
  -8.31000042       3.86762895E-06
  -8.30000019       3.87640057E-06
  -8.28999996       3.88520175E-06
  -8.27999973       3.89403385E-06
  -8.27000046       3.90289642E-06
  -8.26000023       3.91179037E-06
  -8.25000000       3.92071479E-06
  -8.23999977       3.92967104E-06
  -8.22999954       3.93865821E-06
  -8.22000027       3.94767540E-06
  -8.21000004       3.95672578E-06
  -8.19999981       3.96580754E-06
  -8.19000053       3.97492067E-06
  -8.18000031       3.98406655E-06
  -8.17000008       3.99324472E-06
  -8.15999985       4.00245472E-06
  -8.14999962       4.01169791E-06
  -8.14000034       4.02097203E-06
  -8.13000011       4.03028116E-06
  -8.11999989       4.03962258E-06
  -8.10999966       4.04899674E-06
  -8.10000038       4.05840365E-06
  -8.09000015       4.06784420E-06
  -8.07999992       4.07731932E-06
  -8.06999969       4.08682763E-06
  -8.06000042       4.09636959E-06
  -8.05000019       4.10594612E-06
  -8.03999996       4.11555720E-06
  -8.02999973       4.12520285E-06
  -8.02000046       4.13488124E-06
  -8.01000023       4.14459555E-06
  -8.00000000       4.15434579E-06
  -7.98999977       4.16413013E-06
  -7.98000002       4.17394995E-06
  -7.97000027       4.18380478E-06
  -7.96000004       4.19369508E-06
  -7.94999981       4.20362176E-06
  -7.94000006       4.21358436E-06
  -7.93000031       4.22358244E-06
  -7.92000008       4.23361871E-06
  -7.90999985       4.24369046E-06
  -7.90000010       4.25379858E-06
  -7.89000034       4.26394308E-06
  -7.88000011       4.27412488E-06
  -7.86999989       4.28434532E-06
  -7.86000013       4.29460079E-06
  -7.85000038       4.30489581E-06
  -7.84000015       4.31522767E-06
  -7.82999992       4.32559818E-06
  -7.81999969       4.33600690E-06
  -7.80999994       4.34645426E-06
  -7.80000019       4.35693801E-06
  -7.78999996       4.36746313E-06
  -7.77999973       4.37802692E-06
  -7.76999998       4.38862844E-06
  -7.76000023       4.39926998E-06
  -7.75000000       4.40995109E-06
  -7.73999977       4.42067176E-06
  -7.73000002       4.43143290E-06
  -7.72000027       4.44223406E-06
  -7.71000004       4.45307523E-06
  -7.69999981       4.46395688E-06
  -7.69000006       4.47487901E-06
  -7.68000031       4.48584296E-06
  -7.67000008       4.49684785E-06
  -7.65999985       4.50789457E-06
  -7.65000010       4.51898268E-06
  -7.64000034       4.53011126E-06
  -7.63000011       4.54128303E-06
  -7.61999989       4.55249710E-06
  -7.61000013       4.56375255E-06
  -7.60000038       4.57505212E-06
  -7.59000015       4.58639443E-06
  -7.57999992       4.59777993E-06
  -7.57000017       4.60920819E-06
  -7.55999994       4.62068147E-06
  -7.55000019       4.63219521E-06
  -7.53999996       4.64375626E-06
  -7.52999973       4.65535959E-06
  -7.51999998       4.66700840E-06
  -7.51000023       4.67870132E-06
  -7.50000000       4.69043971E-06
  -7.48999977       4.70222449E-06
  -7.48000002       4.71405292E-06
  -7.47000027       4.72592683E-06
  -7.46000004       4.73784758E-06
  -7.44999981       4.74981471E-06
  -7.44000006       4.76182686E-06
  -7.43000031       4.77388767E-06
  -7.42000008       4.78599350E-06
  -7.40999985       4.79814844E-06
  -7.40000010       4.81034931E-06
  -7.39000034       4.82259657E-06
  -7.38000011       4.83489430E-06
  -7.36999989       4.84723932E-06
  -7.36000013       4.85963164E-06
  -7.35000038       4.87207308E-06
  -7.34000015       4.88456453E-06
  -7.32999992       4.89710510E-06
  -7.32000017       4.90969524E-06
  -7.30999994       4.92233448E-06
  -7.30000019       4.93502239E-06
  -7.28999996       4.94776123E-06
  -7.27999973       4.96055281E-06
  -7.26999998       4.97339306E-06
  -7.26000023       4.98628515E-06
  -7.25000000       4.99922817E-06
  -7.23999977       5.01222348E-06
  -7.23000002       5.02526927E-06
  -7.22000027       5.03836873E-06
  -7.21000004       5.05152002E-06
  -7.19999981       5.06472543E-06
  -7.19000006       5.07798086E-06
  -7.18000031       5.09129268E-06
  -7.17000008       5.10465725E-06
  -7.15999985       5.11807502E-06
  -7.15000010       5.13154873E-06
  -7.14000034       5.14507474E-06
  -7.13000011       5.15865668E-06
  -7.11999989       5.17229319E-06
  -7.11000013       5.18598563E-06
  -7.10000038       5.19973401E-06
  -7.09000015       5.21353923E-06
  -7.07999992       5.22739992E-06
  -7.07000017       5.24131792E-06
  -7.06000042       5.25529094E-06
  -7.05000019       5.26932354E-06
  -7.03999996       5.28341343E-06
  -7.02999973       5.29756062E-06
  -7.01999998       5.31176556E-06
  -7.01000023       5.32602962E-06
  -7.00000000       5.34035371E-06
  -6.98999977       5.35473737E-06
  -6.98000002       5.36917787E-06
  -6.97000027       5.38368067E-06
  -6.96000004       5.39824350E-06
  -6.94999981       5.41286727E-06
  -6.94000006       5.42755060E-06
  -6.93000031       5.44229624E-06
  -6.92000008       5.45710418E-06
  -6.90999985       5.47197351E-06
  -6.90000010       5.48690468E-06
  -6.89000034       5.50189861E-06
  -6.88000011       5.51695666E-06
  -6.86999989       5.53207838E-06
  -6.86000013       5.54726239E-06
  -6.85000038       5.56251189E-06
  -6.84000015       5.57782641E-06
  -6.82999992       5.59320551E-06
  -6.82000017       5.60864873E-06
  -6.81000042       5.62415835E-06
  -6.80000019       5.63973481E-06
  -6.78999996       5.65537721E-06
  -6.77999973       5.67108691E-06
  -6.76999998       5.68686391E-06
  -6.76000023       5.70270731E-06
  -6.75000000       5.71861983E-06
  -6.73999977       5.73460193E-06
  -6.73000002       5.75065133E-06
  -6.72000027       5.76676985E-06
  -6.71000004       5.78295931E-06
  -6.69999981       5.79921834E-06
  -6.69000006       5.81554741E-06
  -6.68000031       5.83194742E-06
  -6.67000008       5.84841882E-06
  -6.65999985       5.86496344E-06
  -6.65000010       5.88157900E-06
  -6.64000034       5.89826641E-06
  -6.63000011       5.91502840E-06
  -6.61999989       5.93186314E-06
  -6.61000013       5.94877292E-06
  -6.60000038       5.96575501E-06
  -6.59000015       5.98281486E-06
  -6.57999992       5.99994883E-06
  -6.57000017       6.01715738E-06
  -6.56000042       6.03444323E-06
  -6.55000019       6.05180503E-06
  -6.53999996       6.06924596E-06
  -6.52999973       6.08676328E-06
  -6.51999998       6.10435745E-06
  -6.51000023       6.12203121E-06
  -6.50000000       6.13978455E-06
  -6.48999977       6.15761746E-06
  -6.48000002       6.17552951E-06
  -6.47000027       6.19352159E-06
  -6.46000004       6.21159688E-06
  -6.44999981       6.22975313E-06
  -6.44000006       6.24799031E-06
  -6.43000031       6.26630981E-06
  -6.42000008       6.28471344E-06
  -6.40999985       6.30320028E-06
  -6.40000010       6.32177125E-06
  -6.39000034       6.34042681E-06
  -6.38000011       6.35916786E-06
  -6.36999989       6.37799394E-06
  -6.36000013       6.39690779E-06
  -6.35000038       6.41590577E-06
  -6.34000015       6.43499425E-06
  -6.32999992       6.45416867E-06
  -6.32000017       6.47343086E-06
  -6.31000042       6.49278263E-06
  -6.30000019       6.51222490E-06
  -6.28999996       6.53175766E-06
  -6.27999973       6.55138001E-06
  -6.26999998       6.57109331E-06
  -6.26000023       6.59089983E-06
  -6.25000000       6.61079775E-06
  -6.23999977       6.63078890E-06
  -6.23000002       6.65087236E-06
  -6.22000027       6.67105132E-06
  -6.21000004       6.69132623E-06
  -6.19999981       6.71169664E-06
  -6.19000006       6.73216027E-06
  -6.18000031       6.75272213E-06
  -6.17000008       6.77338176E-06
  -6.15999985       6.79414052E-06
  -6.15000010       6.81499569E-06
  -6.14000034       6.83595090E-06
  -6.13000011       6.85700661E-06
  -6.11999989       6.87816237E-06
  -6.11000013       6.89941908E-06
  -6.10000038       6.92077811E-06
  -6.09000015       6.94224036E-06
  -6.07999992       6.96380539E-06
  -6.07000017       6.98547319E-06
  -6.06000042       7.00724559E-06
  -6.05000019       7.02912394E-06
  -6.03999996       7.05111006E-06
  -6.02999973       7.07320123E-06
  -6.01999998       7.09540018E-06
  -6.01000023       7.11770599E-06
  -6.00000000       7.14012185E-06
  -5.99000025       7.16264731E-06
  -5.98000002       7.18528372E-06
  -5.97000027       7.20802973E-06
  -5.96000004       7.23088806E-06
  -5.95000029       7.25386053E-06
  -5.94000006       7.27694442E-06
  -5.93000031       7.30014335E-06
  -5.92000008       7.32345688E-06
  -5.91000032       7.34688683E-06
  -5.90000010       7.37043320E-06
  -5.88999987       7.39409688E-06
  -5.88000011       7.41787744E-06
  -5.86999989       7.44177942E-06
  -5.86000013       7.46579872E-06
  -5.84999990       7.48993898E-06
  -5.84000015       7.51420021E-06
  -5.82999992       7.53858603E-06
  -5.82000017       7.56309282E-06
  -5.80999994       7.58772512E-06
  -5.80000019       7.61248020E-06
  -5.78999996       7.63736261E-06
  -5.78000021       7.66237008E-06
  -5.76999998       7.68750760E-06
  -5.76000023       7.71277155E-06
  -5.75000000       7.73816555E-06
  -5.74000025       7.76368779E-06
  -5.73000002       7.78934464E-06
  -5.72000027       7.81513154E-06
  -5.71000004       7.84105123E-06
  -5.70000029       7.86710461E-06
  -5.69000006       7.89329442E-06
  -5.68000031       7.91961793E-06
  -5.67000008       7.94607968E-06
  -5.66000032       7.97267876E-06
  -5.65000010       7.99941790E-06
  -5.63999987       8.02629620E-06
  -5.63000011       8.05331456E-06
  -5.61999989       8.08047480E-06
  -5.61000013       8.10777874E-06
  -5.59999990       8.13522638E-06
  -5.59000015       8.16281863E-06
  -5.57999992       8.19055731E-06
  -5.57000017       8.21844242E-06
  -5.55999994       8.24647577E-06
  -5.55000019       8.27465828E-06
  -5.53999996       8.30299268E-06
  -5.53000021       8.33147624E-06
  -5.51999998       8.36011441E-06
  -5.51000023       8.38890537E-06
  -5.50000000       8.41785186E-06
  -5.49000025       8.44695387E-06
  -5.48000002       8.47621232E-06
  -5.47000027       8.50563083E-06
  -5.46000004       8.53520760E-06
  -5.45000029       8.56494535E-06
  -5.44000006       8.59484680E-06
  -5.43000031       8.62491015E-06
  -5.42000008       8.65513630E-06
  -5.41000032       8.68552979E-06
  -5.40000010       8.71609063E-06
  -5.38999987       8.74682064E-06
  -5.38000011       8.77771708E-06
  -5.36999989       8.80878724E-06
  -5.36000013       8.84002566E-06
  -5.34999990       8.87144142E-06
  -5.34000015       8.90303090E-06
  -5.32999992       8.93479773E-06
  -5.32000017       8.96673828E-06
  -5.30999994       8.99886163E-06
  -5.30000019       9.03116143E-06
  -5.28999996       9.06364585E-06
  -5.28000021       9.09631308E-06
  -5.26999998       9.12916312E-06
  -5.26000023       9.16220051E-06
  -5.25000000       9.19542526E-06
  -5.24000025       9.22883919E-06
  -5.23000002       9.26244229E-06
  -5.22000027       9.29623911E-06
  -5.21000004       9.33022784E-06
  -5.20000029       9.36441120E-06
  -5.19000006       9.39879374E-06
  -5.18000031       9.43337182E-06
  -5.17000008       9.46815089E-06
  -5.16000032       9.50312915E-06
  -5.15000010       9.53831386E-06
  -5.14000034       9.57370139E-06
  -5.13000011       9.60929538E-06
  -5.11999989       9.64509763E-06
  -5.11000013       9.68110817E-06
  -5.09999990       9.71733152E-06
  -5.09000015       9.75376588E-06
  -5.07999992       9.79041670E-06
  -5.07000017       9.82728307E-06
  -5.05999994       9.86436953E-06
  -5.05000019       9.90167337E-06
  -5.03999996       9.93920276E-06
  -5.03000021       9.97695224E-06
  -5.01999998       1.00149300E-05
  -5.01000023       1.00531342E-05
  -5.00000000       1.00915677E-05
  -4.99000025       1.01302339E-05
  -4.98000002       1.01691321E-05
  -4.97000027       1.02082640E-05
  -4.96000004       1.02476370E-05
  -4.95000029       1.02872445E-05
  -4.94000006       1.03270995E-05
  -4.93000031       1.03671937E-05
  -4.92000008       1.04075343E-05
  -4.91000032       1.04481214E-05
  -4.90000010       1.04889596E-05
  -4.89000034       1.05300496E-05
  -4.88000011       1.05713934E-05
  -4.86999989       1.06129928E-05
  -4.86000013       1.06548514E-05
  -4.84999990       1.06969701E-05
  -4.84000015       1.07393498E-05
  -4.82999992       1.07819988E-05
  -4.82000017       1.08249124E-05
  -4.80999994       1.08680979E-05
  -4.80000019       1.09115526E-05
  -4.78999996       1.09552848E-05
  -4.78000021       1.09992934E-05
  -4.76999998       1.10435822E-05
  -4.76000023       1.10881501E-05
  -4.75000000       1.11330064E-05
  -4.74000025       1.11781465E-05
  -4.73000002       1.12235784E-05
  -4.72000027       1.12693024E-05
  -4.71000004       1.13153210E-05
  -4.70000029       1.13616379E-05
  -4.69000006       1.14082532E-05
  -4.68000031       1.14551740E-05
  -4.67000008       1.15024004E-05
  -4.66000032       1.15499315E-05
  -4.65000010       1.15977791E-05
  -4.64000034       1.16459369E-05
  -4.63000011       1.16944166E-05
  -4.61999989       1.17432137E-05
  -4.61000013       1.17923337E-05
  -4.59999990       1.18417802E-05
  -4.59000015       1.18915550E-05
  -4.57999992       1.19416663E-05
  -4.57000017       1.19921078E-05
  -4.55999994       1.20428886E-05
  -4.55000019       1.20940131E-05
  -4.53999996       1.21454814E-05
  -4.53000021       1.21972962E-05
  -4.51999998       1.22494675E-05
  -4.51000023       1.23019863E-05
  -4.50000000       1.23548698E-05
  -4.49000025       1.24081125E-05
  -4.48000002       1.24617236E-05
  -4.47000027       1.25156994E-05
  -4.46000004       1.25700481E-05
  -4.45000029       1.26247714E-05
  -4.44000006       1.26798786E-05
  -4.43000031       1.27353651E-05
  -4.42000008       1.27912435E-05
  -4.41000032       1.28475094E-05
  -4.40000010       1.29041719E-05
  -4.39000034       1.29612299E-05
  -4.38000011       1.30186936E-05
  -4.37000036       1.30765638E-05
  -4.36000013       1.31348434E-05
  -4.34999990       1.31935394E-05
  -4.34000015       1.32526520E-05
  -4.32999992       1.33121912E-05
  -4.32000017       1.33721551E-05
  -4.30999994       1.34325519E-05
  -4.30000019       1.34933844E-05
  -4.28999996       1.35546570E-05
  -4.28000021       1.36163781E-05
  -4.26999998       1.36785466E-05
  -4.26000023       1.37411689E-05
  -4.25000000       1.38042542E-05
  -4.24000025       1.38677997E-05
  -4.23000002       1.39318145E-05
  -4.22000027       1.39963022E-05
  -4.21000004       1.40612701E-05
  -4.20000029       1.41267201E-05
  -4.19000006       1.41926612E-05
  -4.18000031       1.42590943E-05
  -4.17000008       1.43260295E-05
  -4.16000032       1.43934658E-05
  -4.15000010       1.44614150E-05
  -4.14000034       1.45298773E-05
  -4.13000011       1.45988624E-05
  -4.12000036       1.46683706E-05
  -4.11000013       1.47384180E-05
  -4.09999990       1.48089985E-05
  -4.09000015       1.48801228E-05
  -4.07999992       1.49518009E-05
  -4.07000017       1.50240303E-05
  -4.05999994       1.50968244E-05
  -4.05000019       1.51701834E-05
  -4.03999996       1.52441235E-05
  -4.03000021       1.53186375E-05
  -4.01999998       1.53937453E-05
  -4.01000023       1.54694444E-05
  -4.00000000       1.55457456E-05
  -3.99000025       1.56226524E-05
  -3.98000002       1.57001759E-05
  -3.97000027       1.57783197E-05
  -3.96000004       1.58570947E-05
  -3.95000029       1.59364990E-05
  -3.94000006       1.60165564E-05
  -3.93000031       1.60972540E-05
  -3.92000008       1.61786193E-05
  -3.91000032       1.62606466E-05
  -3.90000010       1.63433488E-05
  -3.89000034       1.64267276E-05
  -3.88000011       1.65108031E-05
  -3.87000036       1.65955735E-05
  -3.86000013       1.66810496E-05
  -3.84999990       1.67672406E-05
  -3.84000015       1.68541519E-05
  -3.82999992       1.69418036E-05
  -3.82000017       1.70301864E-05
  -3.80999994       1.71193242E-05
  -3.80000019       1.72092186E-05
  -3.78999996       1.72998807E-05
  -3.78000021       1.73913195E-05
  -3.76999998       1.74835477E-05
  -3.76000023       1.75765708E-05
  -3.75000000       1.76704034E-05
  -3.74000025       1.77650454E-05
  -3.73000002       1.78605242E-05
  -3.72000027       1.79568306E-05
  -3.71000004       1.80539937E-05
  -3.70000029       1.81520045E-05
  -3.69000006       1.82508957E-05
  -3.68000031       1.83506581E-05
  -3.67000008       1.84513174E-05
  -3.66000032       1.85528806E-05
  -3.65000010       1.86553589E-05
  -3.64000034       1.87587575E-05
  -3.63000011       1.88631002E-05
  -3.62000036       1.89683924E-05
  -3.61000013       1.90746487E-05
  -3.60000038       1.91818817E-05
  -3.59000015       1.92901025E-05
  -3.57999992       1.93993310E-05
  -3.57000017       1.95095708E-05
  -3.55999994       1.96208384E-05
  -3.55000019       1.97331483E-05
  -3.53999996       1.98465259E-05
  -3.53000021       1.99609585E-05
  -3.51999998       2.00764953E-05
  -3.51000023       2.01931198E-05
  -3.50000000       2.03108721E-05
  -3.49000025       2.04297467E-05
  -3.48000002       2.05497763E-05
  -3.47000027       2.06709647E-05
  -3.46000004       2.07933390E-05
  -3.45000029       2.09169048E-05
  -3.44000006       2.10416911E-05
  -3.43000031       2.11676997E-05
  -3.42000008       2.12949635E-05
  -3.41000032       2.14234933E-05
  -3.40000010       2.15533073E-05
  -3.39000034       2.16844237E-05
  -3.38000011       2.18168698E-05
  -3.37000036       2.19506492E-05
  -3.36000013       2.20857983E-05
  -3.35000038       2.22223243E-05
  -3.34000015       2.23602583E-05
  -3.32999992       2.24996202E-05
  -3.32000017       2.26404154E-05
  -3.30999994       2.27826858E-05
  -3.30000019       2.29264388E-05
  -3.28999996       2.30717123E-05
  -3.28000021       2.32185157E-05
  -3.26999998       2.33668798E-05
  -3.26000023       2.35168245E-05
  -3.25000000       2.36683845E-05
  -3.24000025       2.38215689E-05
  -3.23000002       2.39764213E-05
  -3.22000027       2.41329508E-05
  -3.21000004       2.42912010E-05
  -3.20000029       2.44511830E-05
  -3.19000006       2.46129403E-05
  -3.18000031       2.47764820E-05
  -3.17000008       2.49418608E-05
  -3.16000032       2.51090914E-05
  -3.15000010       2.52782065E-05
  -3.14000034       2.54492352E-05
  -3.13000011       2.56222229E-05
  -3.12000036       2.57971824E-05
  -3.11000013       2.59741628E-05
  -3.10000038       2.61531877E-05
  -3.09000015       2.63343027E-05
  -3.07999992       2.65175368E-05
  -3.07000017       2.67029209E-05
  -3.05999994       2.68905078E-05
  -3.05000019       2.70803193E-05
  -3.03999996       2.72724046E-05
  -3.03000021       2.74668000E-05
  -3.01999998       2.76635510E-05
  -3.01000023       2.78626885E-05
  -3.00000000       2.80642707E-05
  -2.99000025       2.82683286E-05
  -2.98000002       2.84749240E-05
  -2.97000027       2.86840750E-05
  -2.96000004       2.88958636E-05
  -2.95000029       2.91103079E-05
  -2.94000006       2.93274788E-05
  -2.93000031       2.95474183E-05
  -2.92000008       2.97701827E-05
  -2.91000032       2.99958137E-05
  -2.90000010       3.02243880E-05
  -2.89000034       3.04559362E-05
  -2.88000011       3.06905458E-05
  -2.87000036       3.09282441E-05
  -2.86000013       3.11691256E-05
  -2.85000038       3.14132230E-05
  -2.84000015       3.16606238E-05
  -2.82999992       3.19113860E-05
  -2.82000017       3.21655607E-05
  -2.80999994       3.24232496E-05
  -2.80000019       3.26844893E-05
  -2.78999996       3.29493960E-05
  -2.78000021       3.32179989E-05
  -2.76999998       3.34904144E-05
  -2.76000023       3.37666970E-05
  -2.75000000       3.40469451E-05
  -2.74000025       3.43312313E-05
  -2.73000002       3.46196575E-05
  -2.72000027       3.49122965E-05
  -2.71000004       3.52092648E-05
  -2.70000029       3.55106276E-05
  -2.69000006       3.58165162E-05
  -2.68000031       3.61269958E-05
  -2.67000008       3.64422121E-05
  -2.66000032       3.67622233E-05
  -2.65000010       3.70871894E-05
  -2.64000034       3.74171868E-05
  -2.63000011       3.77523575E-05
  -2.62000036       3.80928032E-05
  -2.61000013       3.84386694E-05
  -2.60000038       3.87900727E-05
  -2.59000015       3.91471658E-05
  -2.58000040       3.95100506E-05
  -2.57000017       3.98789089E-05
  -2.55999994       4.02538717E-05
  -2.55000019       4.06350846E-05
  -2.53999996       4.10227149E-05
  -2.53000021       4.14169190E-05
  -2.51999998       4.18178824E-05
  -2.51000023       4.22257508E-05
  -2.50000000       4.26407350E-05
  -2.49000025       4.30630025E-05
  -2.48000002       4.34927715E-05
  -2.47000027       4.39301984E-05
  -2.46000004       4.43755562E-05
  -2.45000029       4.48289939E-05
  -2.44000006       4.52907989E-05
  -2.43000031       4.57611422E-05
  -2.42000008       4.62403259E-05
  -2.41000032       4.67285536E-05
  -2.40000010       4.72261272E-05
  -2.39000034       4.77332615E-05
  -2.38000011       4.82503201E-05
  -2.37000036       4.87775105E-05
  -2.36000013       4.93152111E-05
  -2.35000038       4.98636837E-05
  -2.34000015       5.04233103E-05
  -2.33000040       5.09943784E-05
  -2.32000017       5.15773136E-05
  -2.30999994       5.21724578E-05
  -2.30000019       5.27801785E-05
  -2.28999996       5.34009268E-05
  -2.28000021       5.40350957E-05
  -2.26999998       5.46831725E-05
  -2.26000023       5.53455611E-05
  -2.25000000       5.60228400E-05
  -2.24000025       5.67154239E-05
  -2.23000002       5.74239311E-05
  -2.22000027       5.81488530E-05
  -2.21000004       5.88908479E-05
  -2.20000029       5.96504433E-05
  -2.19000006       6.04283923E-05
  -2.18000031       6.12252625E-05
  -2.17000008       6.20418796E-05
  -2.16000032       6.28788985E-05
  -2.15000010       6.37371850E-05
  -2.14000034       6.46175249E-05
  -2.13000011       6.55208278E-05
  -2.12000036       6.64479594E-05
  -2.11000013       6.73999966E-05
  -2.10000038       6.83778708E-05
  -2.09000015       6.93827315E-05
  -2.08000040       7.04157137E-05
  -2.07000017       7.14780690E-05
  -2.05999994       7.25710488E-05
  -2.05000019       7.36960210E-05
  -2.03999996       7.48544844E-05
  -2.03000021       7.60479161E-05
  -2.01999998       7.72780841E-05
  -2.01000023       7.85465963E-05
  -2.00000000       7.98554611E-05
  -1.98999977       8.12065846E-05
  -1.98000050       8.26019968E-05
  -1.97000027       8.40442008E-05
  -1.96000004       8.55355684E-05
  -1.94999981       8.70786171E-05
  -1.94000053       8.86760754E-05
  -1.93000031       9.03312102E-05
  -1.92000008       9.20471211E-05
  -1.90999985       9.38273151E-05
  -1.90000057       9.56753647E-05
  -1.89000034       9.75956937E-05
  -1.88000011       9.95925293E-05
  -1.86999989       1.01670674E-04
  -1.86000061       1.03835097E-04
  -1.85000038       1.06091822E-04
  -1.84000015       1.08446860E-04
  -1.82999992       1.10906891E-04
  -1.82000065       1.13479022E-04
  -1.81000042       1.16171803E-04
  -1.80000019       1.18993856E-04
  -1.78999996       1.21954959E-04
  -1.77999973       1.25065912E-04
  -1.77000046       1.28338230E-04
  -1.76000023       1.31785986E-04
  -1.75000000       1.35423485E-04
  -1.73999977       1.39267286E-04
  -1.73000050       1.43335419E-04
  -1.72000027       1.47649451E-04
  -1.71000004       1.52232387E-04
  -1.69999981       1.57110801E-04
  -1.69000053       1.62314318E-04
  -1.68000031       1.67878432E-04
  -1.67000008       1.73842069E-04
  -1.65999985       1.80250936E-04
  -1.65000057       1.87157057E-04
  -1.64000034       1.94623542E-04
  -1.63000011       2.02721771E-04
  -1.61999989       2.11537161E-04
  -1.61000061       2.21170296E-04
  -1.60000038       2.31744751E-04
  -1.59000015       2.43406917E-04
  -1.57999992       2.56336731E-04
  -1.57000065       2.70754623E-04
  -1.56000042       2.86940951E-04
  -1.55000019       3.05245485E-04
  -1.53999996       3.26119334E-04
  -1.52999973       3.50152346E-04
  -1.52000046       3.78127297E-04
  -1.51000023       4.11120156E-04
  -1.50000000       4.50626714E-04
  -1.48999977       4.98809619E-04
  -1.48000050       5.58904430E-04
  -1.47000027       6.36017299E-04
  -1.46000004       7.38634786E-04
  -1.44999981       8.82078079E-04
  -1.44000053       1.09718810E-03
  -1.43000031       1.45763275E-03
  -1.42000008       2.19823956E-03
  -1.40999985       4.62761987E-03
  -1.40000057      -5.58901113E-03
  -1.39000034     -0.114496447    
  -1.38000011     -0.146966338    
  -1.36999989     -0.135610864    
  -1.36000061     -0.130291909    
  -1.35000038     -0.139254332    
  -1.34000015     -0.139783084    
  -1.32999992     -0.134270370    
  -1.32000065     -0.132832557    
  -1.31000042     -0.135562539    
  -1.30000019     -0.137736410    
  -1.28999996     -0.136950254    
  -1.27999973     -0.135031432    
  -1.27000046     -0.134549990    
  -1.26000023     -0.136106268    
  -1.25000000     -0.138402909    
  -1.23999977     -0.139630720    
  -1.23000050     -0.139018461    
  -1.22000027     -0.137319207    
  -1.21000004     -0.135944799    
  -1.19999981     -0.135892928    
  -1.19000053     -0.137300298    
  -1.18000031     -0.139534429    
  -1.17000008     -0.141571149    
  -1.15999985     -0.142536625    
  -1.15000057     -0.142168701    
  -1.14000034     -0.140885711    
  -1.13000011     -0.139452741    
  -1.11999989     -0.138554469    
  -1.11000061     -0.138543949    
  -1.10000038     -0.139397815    
  -1.09000015     -0.140799627    
  -1.07999992     -0.142291039    
  -1.07000065     -0.143454149    
  -1.06000042     -0.144065753    
  -1.05000019     -0.144157514    
  -1.03999996     -0.143960312    
  -1.02999973     -0.143774524    
  -1.02000046     -0.143842965    
  -1.01000023     -0.144272774    
  -1.00000000     -0.145019010    
 -0.989999771     -0.145915106    
 -0.980000496     -0.146739691    
 -0.970000267     -0.147296175    
 -0.960000038     -0.147480652    
 -0.949999809     -0.147314548    
 -0.940000534     -0.146930397    
 -0.930000305     -0.146521553    
 -0.920000076     -0.146281123    
 -0.909999847     -0.146350220    
 -0.900000572     -0.146788269    
 -0.890000343     -0.147567645    
 -0.880000114     -0.148585036    
 -0.869999886     -0.149689883    
 -0.860000610     -0.150721729    
 -0.850000381     -0.151548713    
 -0.840000153     -0.152098447    
 -0.829999924     -0.152371034    
 -0.820000648     -0.152432069    
 -0.810000420     -0.152387977    
 -0.800000191     -0.152355969    
 -0.789999962     -0.152434558    
 -0.779999733     -0.152683884    
 -0.770000458     -0.153117657    
 -0.760000229     -0.153705359    
 -0.750000000     -0.154383540    
 -0.739999771     -0.155072480    
 -0.730000496     -0.155695602    
 -0.720000267     -0.156197771    
 -0.710000038     -0.156555429    
 -0.699999809     -0.156781018    
 -0.690000534     -0.156916931    
 -0.680000305     -0.157023743    
 -0.670000076     -0.157165021    
 -0.659999847     -0.157394201    
 -0.650000572     -0.157743782    
 -0.640000343     -0.158220664    
 -0.630000114     -0.158805981    
 -0.619999886     -0.159461349    
 -0.610000610     -0.160136774    
 -0.600000381     -0.160781920    
 -0.590000153     -0.161356330    
 -0.579999924     -0.161837533    
 -0.570000648     -0.162225544    
 -0.560000420     -0.162541360    
 -0.550000191     -0.162822261    
 -0.539999962     -0.163112983    
 -0.530000687     -0.163457021    
 -0.520000458     -0.163887605    
 -0.510000229     -0.164421871    
 -0.500000000     -0.165057823    
 -0.489999771     -0.165774435    
 -0.480000496     -0.166535512    
 -0.470000267     -0.167295992    
 -0.460000038     -0.168010354    
 -0.449999809     -0.168639928    
 -0.440000534     -0.169161126    
 -0.430000305     -0.169568926    
 -0.420000076     -0.169878811    
 -0.409999847     -0.170123249    
 -0.400000572     -0.170346603    
 -0.390000343     -0.170597032    
 -0.380000114     -0.170919567    
 -0.369999886     -0.171348482    
 -0.360000610     -0.171902731    
 -0.350000381     -0.172583282    
 -0.340000153     -0.173372686    
 -0.329999924     -0.174238265    
 -0.320000648     -0.175135821    
 -0.310000420     -0.176017374    
 -0.300000191     -0.176836953    
 -0.289999962     -0.177558675    
 -0.280000687     -0.178161696    
 -0.270000458     -0.178643912    
 -0.260000229     -0.179021358    
 -0.250000000     -0.179325983    
 -0.239999771     -0.179600298    
 -0.230000496     -0.179890916    
 -0.220000267     -0.180241570    
 -0.210000038     -0.180687293    
 -0.199999809     -0.181250110    
 -0.190000534     -0.181936190    
 -0.180000305     -0.182735026    
 -0.170000076     -0.183621779    
 -0.159999847     -0.184560016    
 -0.150000572     -0.185506985    
 -0.140000343     -0.186419874    
 -0.130000114     -0.187261045    
 -0.119999886     -0.188004136    
 -0.110000610     -0.188637853    
 -0.100000381     -0.189167097    
  -9.00001526E-02 -0.189612567    
  -7.99999237E-02 -0.190006971    
  -7.00006485E-02 -0.190391064    
  -6.00004196E-02 -0.190806985    
  -5.00001907E-02 -0.191293672    
  -3.99999619E-02 -0.191881001    
  -3.00006866E-02 -0.192587063    
  -2.00004578E-02 -0.193415433    
  -1.00002289E-02 -0.194355398    
   0.00000000     -0.195383355    
   1.00002289E-02 -0.196466014    
   1.99995041E-02 -0.197564095    
   2.99997330E-02 -0.198638901    
   3.99999619E-02 -0.199656218    
   5.00001907E-02 -0.200591549    
   5.99994659E-02 -0.201433793    
   6.99996948E-02 -0.202186480    
   7.99999237E-02 -0.202867374    
   9.00001526E-02 -0.203505859    
   9.99994278E-02 -0.204138651    
  0.109999657     -0.204804778    
  0.119999886     -0.205540553    
  0.130000114     -0.206374571    
  0.139999390     -0.207323849    
  0.149999619     -0.208392158    
  0.159999847     -0.209568381    
  0.170000076     -0.210828289    
  0.179999352     -0.212136373    
  0.189999580     -0.213451892    
  0.199999809     -0.214731291    
  0.210000038     -0.215936095    
  0.219999313     -0.217037261    
  0.229999542     -0.218020409    
  0.239999771     -0.218887523    
  0.250000000     -0.219657570    
  0.260000229     -0.220364302    
  0.269999504     -0.221052647    
  0.279999733     -0.221773311    
  0.289999962     -0.222575933    
  0.300000191     -0.223503754    
  0.309999466     -0.224588439    
  0.319999695     -0.225846216    
  0.329999924     -0.227275327    
  0.340000153     -0.228855118    
  0.349999428     -0.230548114    
  0.359999657     -0.232303068    
  0.369999886     -0.234060109    
  0.380000114     -0.235757515    
  0.389999390     -0.237339422    
  0.399999619     -0.238763347    
  0.409999847     -0.240006581    
  0.420000076     -0.241069123    
  0.429999352     -0.241976261    
  0.439999580     -0.242775202    
  0.449999809     -0.243530199    
  0.460000038     -0.244315371    
  0.469999313     -0.245206758    
  0.479999542     -0.246274009    
  0.489999771     -0.247572452    
  0.500000000     -0.249137849    
  0.510000229     -0.250981390    
  0.519999504     -0.253087938    
  0.529999733     -0.255416572    
  0.539999962     -0.257902116    
  0.550000191     -0.260461509    
  0.559999466     -0.263001144    
  0.569999695     -0.265429467    
  0.579999924     -0.267666370    
  0.590000153     -0.269655734    
  0.599999428     -0.271374792    
  0.609999657     -0.272839725    
  0.619999886     -0.274105579    
  0.630000114     -0.275262117    
  0.639999390     -0.276423872    
  0.649999619     -0.277720243    
  0.659999847     -0.279280305    
  0.670000076     -0.281221628    
  0.679999352     -0.283638000    
  0.689999580     -0.286591202    
  0.699999809     -0.290100962    
  0.710000038     -0.294140667    
  0.719999313     -0.298633635    
  0.729999542     -0.303456008    
  0.739999771     -0.308440655    
  0.750000000     -0.313390851    
  0.760000229     -0.318102032    
  0.769999504     -0.322386116    
  0.779999733     -0.326103270    
  0.789999962     -0.329186261    
  0.800000191     -0.331661552    
  0.809999466     -0.333655804    
  0.819999695     -0.335390508    
  0.829999924     -0.337162942    
  0.840000153     -0.339324474    
  0.849999428     -0.342253685    
  0.859999657     -0.346337229    
  0.869999886     -0.351949543    
  0.880000114     -0.359440506    
  0.889999390     -0.369119853    
  0.899999619     -0.381241262    
  0.909999847     -0.395967096    
  0.920000076     -0.413324416    
  0.929999352     -0.433135152    
  0.939999580     -0.454934627    
  0.949999809     -0.477869004    
  0.960000038     -0.500636995    
  0.969999313     -0.521506369    
  0.979999542     -0.538482666    
  0.989999771     -0.549629748    
   1.00000000      0.546633899    
   1.01000023      0.542988479    
   1.01999950      0.532530367    
   1.02999973      0.516551852    
   1.03999996      0.496820688    
   1.05000019      0.475185573    
   1.05999947      0.453272462    
   1.06999969      0.432320237    
   1.07999992      0.413164824    
   1.09000015      0.396281362    
   1.09999943      0.381867707    
   1.10999966      0.369917840    
   1.11999989      0.360294759    
   1.13000011      0.352769077    
   1.13999939      0.347051203    
   1.14999962      0.342809856    
   1.15999985      0.339689791    
   1.17000008      0.337324202    
   1.17999935      0.335353464    
   1.18999958      0.333443940    
   1.19999981      0.331313998    
   1.21000004      0.328753054    
   1.21999931      0.325639427    
   1.22999954      0.321944326    
   1.23999977      0.317726701    
   1.25000000      0.313114911    
   1.25999928      0.308282077    
   1.26999950      0.303417802    
   1.27999973      0.298705816    
   1.28999996      0.294303328    
   1.30000019      0.290328145    
   1.30999947      0.286853671    
   1.31999969      0.283905834    
   1.32999992      0.281466931    
   1.34000015      0.279480278    
   1.34999943      0.277858049    
   1.35999966      0.276489913    
   1.36999989      0.275254339    
   1.38000011      0.274030358    
   1.38999939      0.272710323    
   1.39999962      0.271209657    
   1.40999985      0.269476146    
   1.42000008      0.267494172    
   1.42999935      0.265284389    
   1.43999958      0.262897640    
   1.44999981      0.260408252    
   1.46000004      0.257902116    
   1.46999931      0.255466074    
   1.47999954      0.253177792    
   1.48999977      0.251098424    
   1.50000000      0.249267057    
   1.50999928      0.247698337    
   1.51999950      0.246381298    
   1.52999973      0.245283276    
   1.53999996      0.244352102    
   1.55000019      0.243522778    
   1.55999947      0.242724270    
   1.56999969      0.241887093    
   1.57999992      0.240950778    
   1.59000015      0.239871383    
   1.59999943      0.238625303    
   1.60999966      0.237211287    
   1.61999989      0.235650823    
   1.63000011      0.233983383    
   1.63999939      0.232260674    
   1.64999962      0.230540022    
   1.65999985      0.228877336    
   1.67000008      0.227320835    
   1.67999935      0.225905880    
   1.68999958      0.224651441    
   1.69999981      0.223559603    
   1.71000004      0.222615659    
   1.71999931      0.221789941    
   1.72999954      0.221042216    
   1.73999977      0.220325693    
   1.75000000      0.219593644    
   1.75999928      0.218804404    
   1.76999950      0.217925638    
   1.77999973      0.216939971    
   1.78999996      0.215845153    
   1.80000019      0.214654744    
   1.80999947      0.213395491    
   1.81999969      0.212102905    
   1.82999992      0.210817218    
   1.84000015      0.209576935    
   1.84999943      0.208414897    
   1.85999966      0.207353652    
   1.86999989      0.206403539    
   1.88000011      0.205561414    
   1.88999939      0.204811469    
   1.89999962      0.204126865    
   1.90999985      0.203474015    
   1.92000008      0.202816933    
   1.92999935      0.202121302    
   1.93999958      0.201359645    
   1.94999981      0.200515971    
   1.96000004      0.199586764    
   1.96999931      0.198582515    
   1.97999954      0.197525606    
   1.98999977      0.196447894    
   2.00000000      0.195385709    
   2.00999928      0.194375202    
   2.01999950      0.193447188    
   2.02999973      0.192623809    
   2.03999996      0.191914842    
   2.05000019      0.191316992    
   2.05999947      0.190813377    
   2.06999969      0.190375984    
   2.07999992      0.189968809    
   2.09000015      0.189552367    
   2.09999943      0.189089179    
   2.10999966      0.188548625    
   2.11999989      0.187911689    
   2.13000011      0.187173754    
   2.13999939      0.186345518    
   2.14999962      0.185451299    
   2.15999985      0.184525788    
   2.17000008      0.183608726    
   2.17999935      0.182740137    
   2.18999958      0.181953415    
   2.19999981      0.181271687    
   2.21000004      0.180704683    
   2.21999931      0.180246443    
   2.22999954      0.179876760    
   2.23999977      0.179562852    
   2.25000000      0.179264188    
   2.25999928      0.178937450    
   2.26999950      0.178543538    
   2.27999973      0.178052917    
   2.28999996      0.177450582    
   2.30000019      0.176738843    
   2.30999947      0.175936803    
   2.31999969      0.175077662    
   2.32999992      0.174203783    
   2.34000015      0.173360005    
   2.34999943      0.172586784    
   2.35999966      0.171914592    
   2.36999989      0.171359524    
   2.38000011      0.170920774    
   2.38999939      0.170580685    
   2.39999962      0.170307621    
   2.40999985      0.170060039    
   2.42000008      0.169793367    
   2.42999935      0.169466779    
   2.43999958      0.169050306    
   2.44999981      0.168529928    
   2.46000004      0.167909876    
   2.46999931      0.167212039    
   2.47999954      0.166471407    
   2.48999977      0.165730268    
   2.50000000      0.165029764    
   2.50999928      0.164403260    
   2.51999950      0.163869977    
   2.52999973      0.163431764    
   2.53999996      0.163073033    
   2.55000019      0.162763506    
   2.55999947      0.162463233    
   2.56999969      0.162131473    
   2.57999992      0.161734492    
   2.59000015      0.161252975    
   2.59999943      0.160687551    
   2.60999966      0.160058364    
   2.61999989      0.159402654    
   2.63000011      0.158766150    
   2.63999939      0.158194363    
   2.64999962      0.157722339    
   2.65999985      0.157366678    
   2.67000008      0.157120824    
   2.67999935      0.156954795    
   2.68999958      0.156819955    
   2.69999981      0.156658098    
   2.71000004      0.156414643    
   2.71999931      0.156051382    
   2.72999954      0.155557588    
   2.73999977      0.154954717    
   2.75000000      0.154293284    
   2.75999928      0.153642863    
   2.76999950      0.153075039    
   2.77999973      0.152647197    
   2.78999996      0.152385950    
   2.79999924      0.152278021    
   2.80999947      0.152267769    
   2.81999969      0.152265295    
   2.82999992      0.152164981    
   2.84000015      0.151871026    
   2.84999943      0.151325688    
   2.85999966      0.150530130    
   2.86999989      0.149550959    
   2.88000011      0.148507804    
   2.88999939      0.147546530    
   2.89999962      0.146802709    
   2.90999985      0.146369278    
   2.92000008      0.146270752    
   2.92999935      0.146451637    
   2.93999958      0.146783993    
   2.94999981      0.147093967    
   2.96000004      0.147208482    
   2.96999931      0.147010162    
   2.97999954      0.146480560    
   2.98999977      0.145712048    
   3.00000000      0.144878894    
   3.00999928      0.144176915    
   3.01999950      0.143751740    
   3.02999973      0.143641561    
   3.03999996      0.143749028    
   3.04999924      0.143858507    
   3.05999947      0.143707410    
   3.06999969      0.143098533    
   3.07999992      0.142009854    
   3.09000015      0.140642792    
   3.09999943      0.139366567    
   3.10999966      0.138582975    
   3.11999989      0.138565928    
   3.13000011      0.139325395    
   3.13999939      0.140539482    
   3.14999962      0.141604945    
   3.15999985      0.141863823    
   3.17000008      0.140967026    
   3.17999935      0.139149055    
   3.18999958      0.137163997    
   3.19999981      0.135893449    
   3.21000004      0.135875732    
   3.21999931      0.136977583    
   3.22999954      0.138336539    
   3.23999977      0.138771266    
   3.25000000      0.137677297    
   3.25999928      0.135705948    
   3.26999950      0.134345755    
   3.27999973      0.134640008    
   3.28999996      0.136050239    
   3.29999924      0.136510283    
   3.30999947      0.134673342    
   3.31999969      0.132502317    
   3.32999992      0.133599266    
   3.34000015      0.137501568    
   3.34999943      0.136595726    
   3.35999966      0.129909724    
   3.36999989      0.133461177    
   3.38000011      0.137866974    
   3.38999939      0.119204104    
   3.39999962       5.16058840E-02
   3.40999985       4.29529464E-03
   3.42000008       2.16428284E-03
   3.42999935       1.45304890E-03
   3.43999958       1.09640171E-03
   3.44999981       8.81907647E-04
   3.46000004       7.38594041E-04
   3.46999931       6.36014855E-04
   3.47999954       5.58907806E-04
   3.48999977       4.98808688E-04
   3.50000000       4.50626365E-04
   3.50999928       4.11123503E-04
   3.51999950       3.78130178E-04
   3.52999973       3.50152346E-04
   3.53999996       3.26119334E-04
   3.54999924       3.05247348E-04
   3.55999947       2.86942552E-04
   3.56999969       2.70756107E-04
   3.57999992       2.56336731E-04
   3.59000015       2.43406917E-04
   3.59999943       2.31745827E-04
   3.60999966       2.21171256E-04
   3.61999989       2.11537161E-04
   3.63000011       2.02721771E-04
   3.63999939       1.94624285E-04
   3.64999962       1.87157755E-04
   3.65999985       1.80250936E-04
   3.67000008       1.73842069E-04
   3.67999935       1.67878956E-04
   3.68999958       1.62314842E-04
   3.69999981       1.57110801E-04
   3.71000004       1.52232387E-04
   3.71999931       1.47649873E-04
   3.72999954       1.43335812E-04
   3.73999977       1.39267286E-04
   3.75000000       1.35423485E-04
   3.75999928       1.31786335E-04
   3.76999950       1.28338579E-04
   3.77999973       1.25065912E-04
   3.78999996       1.21954959E-04
   3.79999924       1.18994125E-04
   3.80999947       1.16172065E-04
   3.81999969       1.13479255E-04
   3.82999992       1.10906891E-04
   3.84000015       1.08446860E-04
   3.84999943       1.06092048E-04
   3.85999966       1.03835344E-04
   3.86999989       1.01670674E-04
   3.88000011       9.95925293E-05
   3.88999939       9.75958683E-05
   3.89999962       9.56755393E-05
   3.90999985       9.38273151E-05
   3.92000008       9.20471211E-05
   3.92999935       9.03313485E-05
   3.93999958       8.86762064E-05
   3.94999981       8.70786171E-05
   3.96000004       8.55355684E-05
   3.96999931       8.40443463E-05
   3.97999954       8.26021205E-05
   3.98999977       8.12065846E-05
   4.00000000       7.98554611E-05
   4.00999928       7.85467055E-05
   4.01999950       7.72781350E-05
   4.02999973       7.60479888E-05
   4.03999996       7.48544844E-05
   4.04999924       7.36961229E-05
   4.05999947       7.25711070E-05
   4.06999969       7.14781199E-05
   4.07999992       7.04157501E-05
   4.09000015       6.93827315E-05
   4.09999943       6.83779654E-05
   4.10999966       6.74000476E-05
   4.11999989       6.64480176E-05
   4.13000011       6.55208278E-05
   4.13999939       6.46175977E-05
   4.14999962       6.37372359E-05
   4.15999985       6.28789348E-05
   4.17000008       6.20418796E-05
   4.17999935       6.12253498E-05
   4.18999958       6.04284251E-05
   4.19999981       5.96504833E-05
   4.21000004       5.88908479E-05
   4.21999931       5.81489221E-05
   4.22999954       5.74239712E-05
   4.23999977       5.67154566E-05
   4.25000000       5.60228400E-05
   4.25999928       5.53456339E-05
   4.26999950       5.46832125E-05
   4.27999973       5.40351321E-05
   4.28999996       5.34009268E-05
   4.29999924       5.27802331E-05
   4.30999947       5.21724833E-05
   4.31999969       5.15773390E-05
   4.32999992       5.09944111E-05
   4.34000015       5.04233103E-05
   4.34999943       4.98637419E-05
   4.35999966       4.93152365E-05
   4.36999989       4.87775396E-05
   4.38000011       4.82503201E-05
   4.38999939       4.77333124E-05
   4.39999962       4.72261490E-05
   4.40999985       4.67285718E-05
   4.42000008       4.62403259E-05
   4.42999935       4.57611895E-05
   4.43999958       4.52908134E-05
   4.44999981       4.48290120E-05
   4.46000004       4.43755562E-05
   4.46999931       4.39302421E-05
   4.47999954       4.34927897E-05
   4.48999977       4.30630207E-05
   4.50000000       4.26407350E-05
   4.50999928       4.22257908E-05
   4.51999950       4.18179006E-05
   4.52999973       4.14169372E-05
   4.53999996       4.10227149E-05
   4.54999924       4.06351173E-05
   4.55999947       4.02539008E-05
   4.56999969       3.98789307E-05
   4.57999992       3.95100687E-05
   4.58999920       3.91472022E-05
   4.59999943       3.87901018E-05
   4.60999966       3.84386913E-05
   4.61999989       3.80928213E-05
   4.63000011       3.77523575E-05
   4.63999939       3.74172123E-05
   4.64999962       3.70872003E-05
   4.65999985       3.67622379E-05
   4.67000008       3.64422121E-05
   4.67999935       3.61270249E-05
   4.68999958       3.58165307E-05
   4.69999981       3.55106495E-05
   4.71000004       3.52092648E-05
   4.71999931       3.49123293E-05
   4.72999954       3.46196794E-05
   4.73999977       3.43312458E-05
   4.75000000       3.40469451E-05
   4.75999928       3.37667188E-05
   4.76999950       3.34904289E-05
   4.77999973       3.32180098E-05
   4.78999996       3.29493960E-05
   4.79999924       3.26845184E-05
   4.80999947       3.24232606E-05
   4.81999969       3.21655716E-05
   4.82999992       3.19113860E-05
   4.83999920       3.16606493E-05
   4.84999943       3.14132485E-05
   4.85999966       3.11691365E-05
   4.86999989       3.09282586E-05
   4.88000011       3.06905458E-05
   4.88999939       3.04559617E-05
   4.89999962       3.02243952E-05
   4.90999985       2.99958247E-05
   4.92000008       2.97701827E-05
   4.92999935       2.95474365E-05
   4.93999958       2.93274952E-05
   4.94999981       2.91103206E-05
   4.96000004       2.88958636E-05
   4.96999931       2.86840987E-05
   4.97999954       2.84749331E-05
   4.98999977       2.82683413E-05
   5.00000000       2.80642707E-05
   5.00999928       2.78627067E-05
   5.01999950       2.76635619E-05
   5.02999973       2.74668055E-05
   5.03999996       2.72724046E-05
   5.04999924       2.70803339E-05
   5.05999947       2.68905151E-05
   5.06999969       2.67029300E-05
   5.07999992       2.65175368E-05
   5.08999920       2.63343190E-05
   5.09999943       2.61532059E-05
   5.10999966       2.59741737E-05
   5.11999989       2.57971897E-05
   5.13000011       2.56222229E-05
   5.13999939       2.54492516E-05
   5.14999962       2.52782174E-05
   5.15999985       2.51090951E-05
   5.17000008       2.49418608E-05
   5.17999935       2.47764983E-05
   5.18999958       2.46129457E-05
   5.19999981       2.44511939E-05
   5.21000004       2.42912010E-05
   5.21999931       2.41329672E-05
   5.22999954       2.39764340E-05
   5.23999977       2.38215780E-05
   5.25000000       2.36683845E-05
   5.25999928       2.35168409E-05
   5.26999950       2.33668907E-05
   5.27999973       2.32185212E-05
   5.28999996       2.30717123E-05
   5.29999924       2.29264533E-05
   5.30999947       2.27826931E-05
   5.31999969       2.26404227E-05
   5.32999992       2.24996202E-05
   5.33999920       2.23602729E-05
   5.34999943       2.22223407E-05
   5.35999966       2.20858074E-05
   5.36999989       2.19506546E-05
   5.38000011       2.18168698E-05
   5.38999939       2.16844346E-05
   5.39999962       2.15533109E-05
   5.40999985       2.14234969E-05
   5.42000008       2.12949635E-05
   5.42999935       2.11677088E-05
   5.43999958       2.10416947E-05
   5.44999981       2.09169084E-05
   5.46000004       2.07933390E-05
   5.46999931       2.06709738E-05
   5.47999954       2.05497818E-05
   5.48999977       2.04297539E-05
   5.50000000       2.03108721E-05
   5.50999928       2.01931289E-05
   5.51999950       2.00765007E-05
   5.52999973       1.99609658E-05
   5.53999996       1.98465259E-05
   5.54999924       1.97331574E-05
   5.55999947       1.96208421E-05
   5.56999969       1.95095745E-05
   5.57999992       1.93993310E-05
   5.58999920       1.92901134E-05
   5.59999943       1.91818890E-05
   5.60999966       1.90746541E-05
   5.61999989       1.89683960E-05
   5.63000011       1.88631002E-05
   5.63999939       1.87587666E-05
   5.64999962       1.86553625E-05
   5.65999985       1.85528843E-05
   5.67000008       1.84513174E-05
   5.67999935       1.83506691E-05
   5.68999958       1.82508993E-05
   5.69999981       1.81520118E-05
   5.71000004       1.80539937E-05
   5.71999931       1.79568415E-05
   5.72999954       1.78605260E-05
   5.73999977       1.77650491E-05
   5.75000000       1.76704034E-05
   5.75999928       1.75765799E-05
   5.76999950       1.74835532E-05
   5.77999973       1.73913231E-05
   5.78999996       1.72998807E-05
   5.79999924       1.72092277E-05
   5.80999947       1.71193296E-05
   5.81999969       1.70301919E-05
   5.82999992       1.69418036E-05
   5.83999920       1.68541646E-05
   5.84999943       1.67672497E-05
   5.85999966       1.66810514E-05
   5.86999989       1.65955753E-05
   5.88000011       1.65108031E-05
   5.88999939       1.64267349E-05
   5.89999962       1.63433524E-05
   5.90999985       1.62606484E-05
   5.92000008       1.61786193E-05
   5.92999935       1.60972631E-05
   5.93999958       1.60165600E-05
   5.94999981       1.59365027E-05
   5.96000004       1.58570947E-05
   5.96999931       1.57783288E-05
   5.97999954       1.57001814E-05
   5.98999977       1.56226542E-05
   6.00000000       1.55457456E-05
   6.01000023       1.54694444E-05
   6.02000046       1.53937417E-05
   6.02999878       1.53186484E-05
   6.03999901       1.52441298E-05
   6.04999924       1.51701915E-05
   6.05999947       1.50968290E-05
   6.06999969       1.50240321E-05
   6.07999992       1.49518009E-05
   6.09000015       1.48801228E-05
   6.10000038       1.48089948E-05
   6.10999870       1.47384280E-05
   6.11999893       1.46683842E-05
   6.12999916       1.45988679E-05
   6.13999939       1.45298827E-05
   6.14999962       1.44614169E-05
   6.15999985       1.43934685E-05
   6.17000008       1.43260295E-05
   6.18000031       1.42590943E-05
   6.19000053       1.41926585E-05
   6.19999886       1.41267292E-05
   6.20999908       1.40612765E-05
   6.21999931       1.39963086E-05
   6.22999954       1.39318163E-05
   6.23999977       1.38678024E-05
   6.25000000       1.38042542E-05
   6.26000023       1.37411689E-05
   6.27000046       1.36785438E-05
   6.27999878       1.36163862E-05
   6.28999901       1.35546643E-05
   6.29999924       1.34933889E-05
   6.30999947       1.34325555E-05
   6.31999969       1.33721587E-05
   6.32999992       1.33121912E-05
   6.34000015       1.32526520E-05
   6.35000038       1.31935367E-05
   6.35999870       1.31348506E-05
   6.36999893       1.30765720E-05
   6.37999916       1.30186991E-05
   6.38999939       1.29612363E-05
   6.39999962       1.29041737E-05
   6.40999985       1.28475103E-05
   6.42000008       1.27912435E-05
   6.43000031       1.27353651E-05
   6.44000053       1.26798759E-05
   6.44999886       1.26247805E-05
   6.45999908       1.25700562E-05
   6.46999931       1.25157039E-05
   6.47999954       1.24617245E-05
   6.48999977       1.24081134E-05
   6.50000000       1.23548698E-05
   6.51000023       1.23019863E-05
   6.52000046       1.22494639E-05
   6.52999878       1.21973053E-05
   6.53999901       1.21454868E-05
   6.54999924       1.20940167E-05
   6.55999947       1.20428904E-05
   6.56999969       1.19921087E-05
   6.57999992       1.19416663E-05
   6.59000015       1.18915550E-05
   6.60000038       1.18417784E-05
   6.60999870       1.17923391E-05
   6.61999893       1.17432182E-05
   6.62999916       1.16944220E-05
   6.63999939       1.16459414E-05
   6.64999962       1.15977828E-05
   6.65999985       1.15499333E-05
   6.67000008       1.15024004E-05
   6.68000031       1.14551740E-05
   6.69000053       1.14082522E-05
   6.69999886       1.13616434E-05
   6.70999908       1.13153255E-05
   6.71999931       1.12693060E-05
   6.72999954       1.12235812E-05
   6.73999977       1.11781483E-05
   6.75000000       1.11330064E-05
   6.76000023       1.10881501E-05
   6.77000046       1.10435813E-05
   6.77999878       1.09992989E-05
   6.78999901       1.09552893E-05
   6.79999924       1.09115563E-05
   6.80999947       1.08681006E-05
   6.81999969       1.08249142E-05
   6.82999992       1.07819988E-05
   6.84000015       1.07393498E-05
   6.85000038       1.06969692E-05
   6.85999870       1.06548559E-05
   6.86999893       1.06129974E-05
   6.87999916       1.05713962E-05
   6.88999939       1.05300533E-05
   6.89999962       1.04889605E-05
   6.90999985       1.04481242E-05
   6.92000008       1.04075343E-05
   6.93000031       1.03671937E-05
   6.94000053       1.03270959E-05
   6.94999886       1.02872509E-05
   6.95999908       1.02476388E-05
   6.96999931       1.02082677E-05
   6.97999954       1.01691348E-05
   6.98999977       1.01302348E-05
   7.00000000       1.00915677E-05
   7.01000023       1.00531342E-05
   7.02000046       1.00149291E-05
   7.02999878       9.97695861E-06
   7.03999901       9.93920639E-06
   7.04999924       9.90167882E-06
   7.05999947       9.86437135E-06
   7.06999969       9.82728488E-06
   7.07999992       9.79041670E-06
   7.09000015       9.75376588E-06
   7.10000038       9.71733061E-06
   7.10999870       9.68111272E-06
   7.11999893       9.64510127E-06
   7.12999916       9.60929810E-06
   7.13999939       9.57370503E-06
   7.14999962       9.53831659E-06
   7.15999985       9.50313097E-06
   7.17000008       9.46815089E-06
   7.18000031       9.43337182E-06
   7.19000053       9.39879192E-06
   7.19999886       9.36441666E-06
   7.20999908       9.33023057E-06
   7.21999931       9.29624275E-06
   7.22999954       9.26244411E-06
   7.23999977       9.22884101E-06
   7.25000000       9.19542526E-06
   7.26000023       9.16220051E-06
   7.27000046       9.12916221E-06
   7.27999878       9.09631763E-06
   7.28999901       9.06364858E-06
   7.29999924       9.03116506E-06
   7.30999947       8.99886345E-06
   7.31999969       8.96674010E-06
   7.32999992       8.93479773E-06
   7.34000015       8.90303090E-06
   7.35000038       8.87144051E-06
   7.35999870       8.84003202E-06
   7.36999893       8.80878997E-06
   7.37999916       8.77771981E-06
   7.38999939       8.74682155E-06
   7.39999962       8.71609245E-06
   7.40999985       8.68553161E-06
   7.42000008       8.65513630E-06
   7.43000031       8.62491015E-06
   7.44000053       8.59484499E-06
   7.44999886       8.56494989E-06
   7.45999908       8.53521033E-06
   7.46999931       8.50563356E-06
   7.47999954       8.47621413E-06
   7.48999977       8.44695478E-06
   7.50000000       8.41785186E-06
   7.51000023       8.38890537E-06
   7.52000046       8.36011259E-06
   7.52999878       8.33148079E-06
   7.53999901       8.30299541E-06
   7.54999924       8.27466192E-06
   7.55999947       8.24647850E-06
   7.56999969       8.21844333E-06
   7.57999992       8.19055731E-06
   7.59000015       8.16281863E-06
   7.60000038       8.13522456E-06
   7.60999870       8.10778238E-06
   7.61999893       8.08047844E-06
   7.62999916       8.05331638E-06
   7.63999939       8.02629711E-06
   7.64999962       7.99941881E-06
   7.65999985       7.97267967E-06
   7.67000008       7.94607968E-06
   7.68000031       7.91961793E-06
   7.69000053       7.89329260E-06
   7.69999886       7.86710916E-06
   7.70999908       7.84105396E-06
   7.71999931       7.81513336E-06
   7.72999954       7.78934645E-06
   7.73999977       7.76368961E-06
   7.75000000       7.73816555E-06
   7.76000023       7.71277155E-06
   7.77000046       7.68750579E-06
   7.77999878       7.66237554E-06
   7.78999901       7.63736625E-06
   7.79999924       7.61248248E-06
   7.80999947       7.58772558E-06
   7.81999969       7.56309373E-06
   7.82999992       7.53858603E-06
   7.84000015       7.51420021E-06
   7.85000038       7.48993762E-06
   7.85999870       7.46580145E-06
   7.86999893       7.44178169E-06
   7.87999916       7.41788017E-06
   7.88999939       7.39409916E-06
   7.89999962       7.37043410E-06
   7.90999985       7.34688774E-06
   7.92000008       7.32345688E-06
   7.93000031       7.30014335E-06
   7.94000053       7.27694396E-06
   7.94999886       7.25386326E-06
   7.95999908       7.23089033E-06
   7.96999931       7.20803200E-06
   7.97999954       7.18528463E-06
   7.98999977       7.16264867E-06
   8.00000000       7.14012185E-06
   8.01000023       7.11770599E-06
   8.02000046       7.09539836E-06
   8.02999878       7.07320351E-06
   8.03999901       7.05111142E-06
   8.04999924       7.02912575E-06
   8.05999947       7.00724695E-06
   8.06999969       6.98547456E-06
   8.07999992       6.96380539E-06
   8.09000015       6.94224036E-06
   8.10000038       6.92077811E-06
   8.10999870       6.89942226E-06
   8.11999893       6.87816419E-06
   8.12999916       6.85700843E-06
   8.13999939       6.83595181E-06
   8.14999962       6.81499660E-06
   8.15999985       6.79414052E-06
   8.17000008       6.77338176E-06
   8.18000031       6.75272213E-06
   8.19000053       6.73215982E-06
   8.19999886       6.71169801E-06
   8.20999908       6.69132805E-06
   8.21999931       6.67105314E-06
   8.22999954       6.65087373E-06
   8.23999977       6.63078890E-06
   8.25000000       6.61079775E-06
   8.26000023       6.59089983E-06
   8.27000046       6.57109194E-06
   8.27999878       6.55138228E-06
   8.28999901       6.53175994E-06
   8.29999924       6.51222672E-06
   8.30999947       6.49278445E-06
   8.31999969       6.47343177E-06
   8.32999992       6.45416867E-06
   8.34000015       6.43499425E-06
   8.35000038       6.41590577E-06
   8.35999870       6.39691007E-06
   8.36999893       6.37799621E-06
   8.37999916       6.35917013E-06
   8.38999939       6.34042908E-06
   8.39999962       6.32177171E-06
   8.40999985       6.30320028E-06
   8.42000008       6.28471344E-06
   8.43000031       6.26630981E-06
   8.44000053       6.24798986E-06
   8.44999886       6.22975494E-06
   8.45999908       6.21159779E-06
   8.46999931       6.19352386E-06
   8.47999954       6.17552996E-06
   8.48999977       6.15761746E-06
   8.50000000       6.13978455E-06
   8.51000023       6.12203121E-06
   8.52000046       6.10435745E-06
   8.52999878       6.08676464E-06
   8.53999901       6.06924777E-06
   8.54999924       6.05180685E-06
   8.55999947       6.03444460E-06
   8.56999969       6.01715828E-06
   8.57999992       5.99994883E-06
   8.59000015       5.98281486E-06
   8.60000038       5.96575501E-06
   8.60999870       5.94877520E-06
   8.61999893       5.93186633E-06
   8.62999916       5.91503021E-06
   8.63999939       5.89826868E-06
   8.64999962       5.88157991E-06
   8.65999985       5.86496344E-06
   8.67000008       5.84841882E-06
   8.68000031       5.83194742E-06
   8.69000053       5.81554605E-06
   8.69999886       5.79922016E-06
   8.70999908       5.78296113E-06
   8.71999931       5.76677166E-06
   8.72999954       5.75065178E-06
   8.73999977       5.73460193E-06
   8.75000000       5.71861983E-06
   8.76000023       5.70270731E-06
   8.77000046       5.68686255E-06
   8.77999878       5.67108827E-06
   8.78999901       5.65537903E-06
   8.79999924       5.63973572E-06
   8.80999947       5.62415971E-06
   8.81999969       5.60864919E-06
   8.82999992       5.59320551E-06
   8.84000015       5.57782641E-06
   8.85000038       5.56251189E-06
   8.85999870       5.54726421E-06
   8.86999893       5.53208019E-06
   8.87999916       5.51695803E-06
   8.88999939       5.50190089E-06
   8.89999962       5.48690514E-06
   8.90999985       5.47197351E-06
   8.92000008       5.45710418E-06
   8.93000031       5.44229624E-06
   8.93999863       5.42755242E-06
   8.94999886       5.41286818E-06
   8.95999908       5.39824441E-06
   8.96999931       5.38368204E-06
   8.97999954       5.36917923E-06
   8.98999977       5.35473737E-06
   9.00000000       5.34035371E-06
   9.01000023       5.32602962E-06
   9.02000046       5.31176556E-06
   9.02999878       5.29756198E-06
   9.03999901       5.28341479E-06
   9.04999924       5.26932490E-06
   9.05999947       5.25529185E-06
   9.06999969       5.24131792E-06
   9.07999992       5.22739992E-06
   9.09000015       5.21353923E-06
   9.10000038       5.19973401E-06
   9.10999870       5.18598836E-06
   9.11999893       5.17229500E-06
   9.12999916       5.15865804E-06
   9.13999939       5.14507565E-06
   9.14999962       5.13154873E-06
   9.15999985       5.11807502E-06
   9.17000008       5.10465725E-06
   9.18000031       5.09129268E-06
   9.18999863       5.07798359E-06
   9.19999886       5.06472679E-06
   9.20999908       5.05152138E-06
   9.21999931       5.03837009E-06
   9.22999954       5.02526927E-06
   9.23999977       5.01222348E-06
   9.25000000       4.99922817E-06
   9.26000023       4.98628515E-06
   9.27000046       4.97339306E-06
   9.27999878       4.96055372E-06
   9.28999901       4.94776395E-06
   9.29999924       4.93502330E-06
   9.30999947       4.92233448E-06
   9.31999969       4.90969524E-06
   9.32999992       4.89710510E-06
   9.34000015       4.88456453E-06
   9.35000038       4.87207308E-06
   9.35999870       4.85963392E-06
   9.36999893       4.84724069E-06
   9.37999916       4.83489566E-06
   9.38999939       4.82259838E-06
   9.39999962       4.81034931E-06
   9.40999985       4.79814844E-06
   9.42000008       4.78599350E-06
   9.43000031       4.77388767E-06
   9.43999863       4.76182868E-06
   9.44999886       4.74981607E-06
   9.45999908       4.73784849E-06
   9.46999931       4.72592819E-06
   9.47999954       4.71405292E-06
   9.48999977       4.70222449E-06
   9.50000000       4.69043971E-06
   9.51000023       4.67870132E-06
   9.52000046       4.66700840E-06
   9.52999878       4.65536095E-06
   9.53999901       4.64375717E-06
   9.54999924       4.63219612E-06
   9.55999947       4.62068147E-06
   9.56999969       4.60920819E-06
   9.57999992       4.59777993E-06
   9.59000015       4.58639443E-06
   9.60000038       4.57505212E-06
   9.60999870       4.56375483E-06
   9.61999893       4.55249847E-06
   9.62999916       4.54128440E-06
   9.63999939       4.53011262E-06
   9.64999962       4.51898268E-06
   9.65999985       4.50789457E-06
   9.67000008       4.49684785E-06
   9.68000031       4.48584296E-06
   9.68999863       4.47488083E-06
   9.69999886       4.46395779E-06
   9.70999908       4.45307660E-06
   9.71999931       4.44223497E-06
   9.72999954       4.43143290E-06
   9.73999977       4.42067176E-06
   9.75000000       4.40995109E-06
   9.76000023       4.39926998E-06
   9.77000046       4.38862844E-06
   9.77999878       4.37802782E-06
   9.78999901       4.36746404E-06
   9.79999924       4.35693983E-06
   9.80999947       4.34645426E-06
   9.81999969       4.33600690E-06
   9.82999992       4.32559818E-06
   9.84000015       4.31522767E-06
   9.85000038       4.30489581E-06
   9.85999870       4.29460260E-06
   9.86999893       4.28434578E-06
   9.87999916       4.27412624E-06
   9.88999939       4.26394399E-06
   9.89999962       4.25379858E-06
   9.90999985       4.24369046E-06
   9.92000008       4.23361871E-06
   9.93000031       4.22358244E-06
   9.93999863       4.21358618E-06
   9.94999886       4.20362267E-06
   9.95999908       4.19369553E-06
   9.96999931       4.18380523E-06
   9.97999954       4.17394995E-06
   9.98999977       4.16413013E-06
   10.0000000       4.15434579E-06
